900.5071
901.5174
905.4482
913.4219
933.4403
948.4379
951.4584
980.4599
1006.5463
1017.4450
1022.5157
1037.5554
1064.5576
1071.5168
1082.5991
1090.4947
1108.5472
1141.5190
1151.5649
1157.5934
1168.5640
1169.6153
1179.5808
1194.6364
1234.6509
1235.6122
1236.6230
1249.6120
1262.7003
1264.6439
1277.6691
1297.6431
1307.6646
1320.5801
1323.6637
1348.6606
1357.6852
1360.6671
1364.7124
1392.7100
1410.7298
1434.7080
1438.6859
1469.8482
1475.7487
1487.7301
1493.7158
1496.7815
1504.7699
1507.7193
1513.7952
1527.7360
1544.8379
1564.8643
1584.7545
1589.8844
1599.8179
1601.8322
1619.6649
1638.8538
1658.9005
1677.8276
1688.8527
1695.8895
1707.8010
1765.7534
1771.8928
1778.9104
1782.9466
1786.9390
1791.7943
1794.9428
1808.9420
1818.8484
1833.8488
1838.9005
1847.8368
1851.9433
1863.9350
1867.9393
1910.0237
1911.0406
1915.0100
1958.0821
1965.0380
1973.8067
1978.9317
1993.9729
2015.0615
2022.9786
2027.9783
2034.0787
2038.9828
2065.1149
2092.0118
2094.0993
2116.0352
2141.0128
2150.0653
2163.0518
2171.1332
2176.9796
2185.1207
2193.0310
2199.0715
2213.1078
2225.1338
2246.0441
2255.9881
2266.9263
2271.0774
2288.0580
2301.2166
2306.0725
2343.0113
2357.0735
2374.1560
2384.0106
2389.1219
2391.1846
2399.0739
2403.2216
2432.1440
2441.2002
2446.1289
2449.1495
2460.1842
2463.0917
2501.2324
2517.1386
2529.1986
2530.2013
2565.2234
2573.3165
2582.2025
2588.2368
2605.3250
2632.2969
2646.2906
2685.3195
2705.1775
2717.1083
2727.3484
2730.2918
2732.3026
2745.3089
2773.2574
2783.2163
2843.1651
2856.2764
2857.4017
2870.4802
2874.3862
2888.3721
2896.4029
2902.3935
2932.5066
2988.5663
3065.5804
3137.5560
3266.5641
3283.5374
3300.7641
3306.6250
